162
93
277
483
666
802
2632
576
2054
1659
2088
4737
3086
3989
3729
3144
3522
2703
3012
2516
2021
372
15133
6460
2055
2099
1918
1775
407
453
473
1450
16
214
508
405
433
326
427
575
200
125
120
151
151
79
47
36
22
28
8
8
26
21
20
18
25
27
46
38
86
24
63
46
78
49
60
43
35
49
31
34
36
15
31
39
32
66
61
42
62
116
74
90
45
47
353
24
17
12
32
11
14
15
8
3
6
22
4
12
1
0
5
1
2
2
1
1
14
17
1
7
3
4
8
6
7
9
0
0
0
8
3
11
7
1
2
0
4
2
16
5
1
3
5
3
6
4
3
3
11
7
11
57
49
40
44
28
32
0
55
16
22
13
18
14
21
17
12
19
3
3
5
3
8
4
1
14
9
0
0
13
8
0
9
1
14
17
16
21
11
13
25
21
34
46
61
68
101
105
127
45
48
43
36
27
37
37
31
23
49
44
19
25
30
22
19
22
22
17
7
22
22
12
16
14
15
8
9
9
9
17
10
7
12
25
10
10
12
9
3
7
15
6
10
10
8
12
9
32
14
10
12
6
10
7
8
15
14
21
12
19
9
12
10
16
20
12
7
9
23
15
21
27
7
20
11
24
13
13
13
19
11
14
18
31
15
17
16
42
47
25
33
24
24
49
17
28
36
33
28
33
22
17
15
8
18
13
8
14
9
12
17
16
17
11
22
5
21
5
6
11
18
12
9
17
18
15
18
15
15
12
12
15
13
24
16
17
12
7
12
17
23
23
15
15
17
14
20
22
21
27
24
25
19
18
28
33
33
32
63
53
33
69
103
55
115
138
144
130
109
109
118
103
144
111
100
80
124
82
75
54
52
52
92
42
30
25
30
20
13
11
14
14
14
2
12
8
7
9
16
7
11
10
8
7
11
10
12
7
6
10
6
19
11
10
10
9
10
13
19
8
5
11
9
7
10
5
13
4
6
11
4
12
7
9
10
11
11
12
11
12
8
11
16
9
26
20
33
24
12
25
21
14
10
16
9
12
10
11
15
16
11
10
21
6
19
9
13
11
11
12
20
13
16
15
11
17
7
5
13
7
12
11
14
16
9
7
14
18
26
22
14
12
24
10
19
18
16
13
19
7
16
11
27
23
24
24
24
24
30
19
33
16
22
22
35
34
23
20
21
19
23
31
23
17
25
24
16
24
25
14
22
18
9
12
18
23
15
22
23
57
17
23
26
0
51
29
24
28
36
30
33
31
65
0
73
48
72
75
77
71
86
49
66
53
77
96
90
100
85
124
107
96
125
143
111
81
99
66
53
51
42
28
46
33
20
32
21
35
20