2
1
0
0
1
1
0
0
1
0
0
0
0
0
0
5
0
0
0
0
0
0
1
0
0
0
0
0
0
0
0
0
2
4
20
19
43
30
61
21
76
138
190
332
177
286
372
510
0
1388
815
36
2151
1032
1409
1846
1788
1705
2295
3365
2249
2962
3918
3795
4645
2603
4354
7629
4844
2106
5224
12578.678
855
2654
12578.678
3855
3784
1565
1445
50746
3141
17448
3208
12578
1891
3806
1092
2447
2666
1800
12578.678
2811
1678
633
3686
3132
12578.678
1218
526
792
361
562
1117
4136
741
531
529
249
314
753
521
642
513
415
140
444
501
482
267
756
546
12578.678
325
255
172
3343
594
1795
231
407
12578.678
12578.678
4360
581
572
341
274
553
625
364
802
497
390
136
663
488
586
787
619
343
142
698
268
255
1263
448
12578.678
645
441
990
539
539
358
11
1018
454
822
444
715
251
16
1423
62
727
569
829
163
4
1911
595
921
1236
1091
88
0
2488
564
1470
1389
1308
63
3
3360
971
1708
1601
2387
70
35
4731
1414
2598
2678
2923
3210
3003
650
2119
3772
4800
5009
3474
4680
1976
3616
287
11203
7641
5460
5366
3113
5104
7113
7122
8834
8594
7016
4266
6738
8619
9762
9509
11337
6345
6396
7826
10191
10239
13233
13560
10536
5539
10084
13291
15850
16104
14220
10635
4299
8005
14366
13051
12436
16488
12504
5639
11310
18953
17402
21088
26677
15937
9212
13626
23002
29757
25632
32104
29837
14289
20376
27422
40813
42837
45265
6616
73010
34482
37550
46612
49474
35070
46179
106091
72601
12578.678
57806
60952
86655
38562
21424
22613
36406
32628
24065
31957
27192
10050
45602
28897
20736
23264
17670
13130
5062
9921
16754
13001
12774
12477
9763
4354
8364
14228
12787
11511
12882
10949
3411
14037
14675
13872
13489
13947
11533
3192
11655
17720
18398
16005
17428
12799
5960
11861
15038
21718
20262
3093
8822
3106
11494
26514
20042
19348
3466
12495
4084
20825
25232
21767
19860
20177
15944
3816
19680
23932
21431
21317
21409
16642
3798
23895
26877
22710
23324
23924
18436
4300
22143
26951
23956
23235
24045
19235
4388
23337
26406
20
45607
20588
19715
4343
18886
25678
21076
20709
21231
16546
4406
19596
25186
22518
24127
22371
22046
4654
20180
31527
25414
25216
23996
19952
4730
22872
26903
25286
23507
23306
21835
5534
23143
29674
28129
25177
29792
26347
6471
30066
38501
35061
35198
35339
30587
15813
14697
65392
45660
41871
42634
37021
9110
30719
59054
50711
46678
88
80629
10797
8054
960
97170
159
1371
117900
8555
39125
43507
38081
36451
35872
29345
6708
44076
34924
33445
32340
32642
24465
5959
30323
31582
26548
24302
25670
9888
3767
24377
26004
21742
19138
20745
9128
3299
19791
21498
19461
7043
15685
13948
3351
17223
19057

12803
12611
9704
2230
3155
12657
13933
11274
11527
8541
370
9853
1354
15684
6958
6654
5070
1174
6021
5569
4483
3879
3972
2855
698
3243
3064
2142
3187
2624
1816
496
2213
2330
2151
1988
2128
1578
518
3395
1380
2702
2687
3006
2549
802
3588
4083
4446
4639
4696
4256
1268
6958
1450
11058
10995
10949
12532
4193
18217
21573
22148
19409
25677
15242
5414
27128
27923
25429
24408
23644
19600
8592
24422
29241
26949
26006
25755
20450
7218
28721
32794
29671
27747
24427
21172
13397
24921
30027
25389
23482
22637
17300
7911
25914