2
0
0
6
0
1
0
0
4
1
0
1
1
1
1
0
0
1
0
1
2
1
0
5
2
4
3
7
12
5
33
40
55
57
49
79
55
54
147
259
412
489
480
364
443
615
770
1006
1066
1258
1215
1388
2349
2382
2717
3127
3249
2843
2892
4327
4534
4974
4929
4981
4073
3650
5316
5486
5163
4906
4367
3613
3539
4205
4348
5100
5343
4990
4736
3860
4866
4775
5505
5168
4981
3764
3473
4704
4727
5450
4964
4730
3230
2977
3383
3689
3836
3771
3052
2150
2322
3589
3395
3300
2618
2521
2072
1826
2577
3058
2712
2554
2041
1508
1355
1613
1659
1809
1736
1508
1107
1070
1444
1470
1349
1238
1110
794
718
1094
1159
1186
1007
1054
888
807
1031
1083
999
1020
984
666
624
892
882
777
697
639
634
407
620
404
63
6
502
625
519
359
584
637
643
524
826
650
537
1240
538
647
687
829
726
586
445
563
779
769
770
750
688
553
802
847
883
769
747
942
675
906
964
900
765
1113
818
1150
1039
1148
1461
1042
1111
721
1113
831
1195
1060
1332
1048
977
1201
1146
1542
1297
1110
1752
1415
1332
1514
1779
1978
1827
2987
2953
2481
2681
2931
3544
3504
3338
2625
3115
4007
3410
4329
4429
3899
4378
4936
6187
6644
6878
6050
5700
4056
7156
7117
6929
6994
12885
22965
12603
14557
14173
17550
13888
15175
12882
14011
17250
19751
18996
15657
16186
16994
18830
21365
26707
21257
20559
23033
19797
20900
22924
24714
23078
24418
21919
23261
18967
20078
25206
24164
23322
24979
20580
21397
20451
23000
33517
27316
26876
24977
21416
20060
19645
22936
20274
19921
18667
15465
11344
18261
17557
14821
15891
12164
12428
13497
16237
14951
16382
15579
17372
14774
12386
16634
21066
21784
21554
18541
20377
18569
25300
35532
28560
27249
36084
33517
36931
39387
39149
32803
34788
32493
41460
53275
50239
56029
53458
57853
55157
58923
61087
62556
52787
68192
60098
55026
46275
45648
47662
48804
55885
41428
38670
37610
33454
38992
37977
40321
33652
30111
22244
20167
25369
28811
29145
23400
21190
18668
16906
19215
20734
19204
18363
15904
14138
12441
13077
13543
15198
13355
10991
9776
10636
12760
12095
12099
10453
9835
10659
8523
9947
10020
8588
7457
6055
5462
6411
6420
6644
6024
6118
5260
4823
5869
6021
6835
6684
5617
4695
5130
5363
5793
6332
4872
5639
5356
5407
5417
5626
6277
6235
3909
3947
4783
4071
4115
4565
3422
3424
2405
2831
2404
2797
3124
11567.245
2713
1730
3686
2505
2529
2766
2807
2273
1884
3054
2530
2424
2766
2754
2122
1733
2119
2697
2131
2459
2397
1911
1674
1674
1984
2155
2618
2490
2056
1770
2378
2490
2296
2663
2198
2060
1926
1993
11567.245
2146
2699
2708
2524
2093
2370
2417
2991
3384
4030
3241
3114
3294
3102
4264
5181
6144
5655
5225
5597
5973
7322
7239
7960
7552
7334
7621
7594
8811
10823
10287
10076
9077
10468
11507
15943
16705
15374
17946
14633
22723
20261
25670
27646
26863
24465
23896
27106
28629
32061
32096
35885
31835
31382
34810
36500
42183
48641
51949
54183
47848
40671
46688
44081
40029
36093
31624
28937
24932
23401
25713
30871
29323
25782
24173
22287
21855
29151
30009
31633
28344
27244
25056
23469
29381
32885
32539
29226
26484
28358
26709
33758
36533
37128
31886
32034
31856
30762